1
Virat_Kohli
177
169
26
5412
113
37.84
4112
131.61
5
36
480
191


2
Suresh_Raina
193
189
28
5368
100
33.34
3914
137.14
1
38
493
194


3
Rohit_Sharma
188	183	28	4898	109	31.60	3744	130.82	1	36	431	194
4
David_Warner
126	126	17	4706	126	43.17	3305	142.39	4	44	458	181
5
Shikhar_Dhawan
159	158	21	4579	97	33.42	3669	124.80	0	37	524	96
6
Chris_Gayle
125	124	15	4484	175	41.13	2969	151.02	6	28	369	326
7
MS_Dhoni
190	170	65	4432	84	42.20	3215	137.85	0	23	297	209
8
Robin_Uthappa
177	170	17	4411	87	28.83	3380	130.50	0	24	435	156
9
AB_de_Villiers
154	142	32	4395	133	39.95	2906	151.23	3	33	357	212
10
Gautam_Gambhir
154	152	17	4217	93	31.23	3404	123.88	0	36	491	59
11
Ajinkya_Rahane
140	132	16	3820	105	32.93	3133	121.92	2	27	404	74
12
Dinesh_Karthik
182	163	28	3654	97	27.06	2815	129.80	0	18	357	101
13
Shane_Watson
134	130	15	3575	117	31.08	2562	139.53	4	19	343	177
14
Ambati_Rayudu
147	140	25	3300	100	28.69	2620	125.95	1	18	278	120
15
Yusuf_Pathan
174	154	44	3204	100	29.12	2241	142.97	1	13	262	158
16
Brendon_McCullum
109	109	5	2880	158	27.69	2186	131.74	2	13	293	130
17
Parthiv_Patel
139	137	11	2848	81	22.60	2358	120.78	0	13	365	49
18
Manish_Pandey
130	120	23	2843	114	29.30	2353	120.82	1	15	253	75
19
Kieron_Pollard
148	135	39	2755	83	28.69	1877	146.77	0	14	181	176
20
Yuvraj_Singh
132	126	15	2750	83	24.77	2120	129.71	0	13	217	149
21
Virender_Sehwag
104	104	5	2728	122	27.55	1755	155.44	2	16	334	106
22
Murali_Vijay
103	103	5	2587	127	26.39	2106	122.83	2	13	243	91
23
Shaun_Marsh
71	69	7	2477	115	39.95	1866	132.74	1	20	266	78
24
Jacques_Kallis
98	96	11	2427	89	28.55	2222	109.22	0	17	255	44
25
Dwayne_Smith
91	89	5	2385	87	28.39	1764	135.20	0	17	245	117
26
Sachin_Tendulkar
78	78	11	2334	100	34.83	1948	119.81	1	13	295	29
27
Sanju_Samson
93	89	9	2209	102	27.61	1696	130.24	2	10	170	89
28
Rahul_Dravid
89	82	5	2174	75	28.23	1882	115.51	0	11	269	28
29
Adam_Gilchrist
80	80	4	2069	109	27.22	1495	138.39	2	11	239	92
30
JP_Duminy
83	77	26	2029	78	39.78	1636	124.02	0	14	126	79
31
Steve_Smith
81	72	18	2022	101	37.44	1568	128.95	1	8	180	49
32
KL_Rahul
67	58	11	1977	100	42.06	1431	138.15	1	16	176	81
33
Michael_Hussey
59	58	7	1977	116	38.76	1612	122.64	1	15	198	52
34
Ravindra_Jadeja
170	128	48	1927	48	24.08	1572	122.58	0	0	135	65
35
Faf_du_Plessis
71	64	5	1853	96	31.40	1462	126.74	0	12	163	59
36
David_Miller
79	77	23	1850	101	34.25	1333	138.78	1	9	126	87
37
Mahela_Jayawardene
80	78	15	1802	110	28.60	1462	123.25	1	10	200	39
38
Wriddhiman_Saha
120	95	21	1765	115	23.85	1346	131.12	1	6	160	59
39
Aaron_Finch
75	73	7	1737	88	26.31	1329	130.69	0	13	176	67
40
Rishabh_Pant
54	54	6	1736	128	36.16	1067	162.69	1	11	152	94
41
Manoj_Tiwary
98	85	26	1695	75	28.72	1449	116.97	0	7	156	40
42
Kumar_Sangakkara
71	68	3	1687	94	25.95	1392	121.19	0	10	195	27
43
Shreyas_Iyer
62	62	7	1681	96	30.56	1324	126.96	0	13	149	67
44
Naman_Ojha
113	94	19	1554	94	20.72	1313	118.35	0	6	121	79
45
Suryakumar_Yadav
85	71	16	1548	72	28.14	1173	131.96	0	7	161	47
46
Mandeep_Singh
97	84	15	1529	77	22.15	1226	124.71	0	5	160	33
47
Dwayne_Bravo
134	102	38	1483	70	23.17	1156	128.28	0	5	116	61
48
Karun_Nair
69	63	4	1464	83	24.81	1139	128.53	0	10	158	39
49
Quinton_de_Kock
50	50	2	1456	108	30.33	1109	131.28	1	10	155	54
50
Subramaniam_Badrinath
95	67	20	1441	71	30.65	1212	118.89	0	11	154	28
51
Brad_Hodge
66	63	21	1400	73	33.33	1118	125.22	0	6	122	43
52
Andre_Russell
64	52	10	1400	88	33.33	751	186.41	0	8	96	120
53
Glenn_Maxwell
69	68	7	1397	95	22.90	867	161.13	0	6	109	91
54
Jos_Buttler
45	45	6	1386	95	35.53	919	150.81	0	9	140	61
55
Sourav_Ganguly
59	56	3	1349	91	25.45	1263	106.80	0	7	137	42
56
David_Hussey
64	61	12	1322	71	26.97	1075	122.97	0	5	90	60
57
Kane_Williamson
41	41	7	1302	89	38.29	964	135.06	0	12	111	44
58
Chris_Lynn
41	41	3	1280	93	33.68	910	140.65	0	10	128	63
59
Saurabh_Tiwary
81	64	19	1276	61	28.35	1067	119.58	0	7	93	45
60
Mayank_Agarwal
77	72	3	1266	68	18.34	988	128.13	0	5	117	52
61
Tillakaratne_Dilshan
52	50	7	1153	76	26.81	1007	114.49	0	9	140	24
62
Irfan_Pathan
103	82	29	1139	60	21.49	946	120.40	0	1	87	37
63
Matthew_Hayden
32	32	2	1107	93	36.90	805	137.51	0	8	121	44
64
Nitish_Rana
46	41	4	1085	85	29.32	806	134.61	0	8	84	60
65
Kedar_Jadhav
79	70	23	1079	69	22.95	853	126.49	0	4	92	38
66
Lendl_Simmons
29	29	2	1079	100	39.96	852	126.64	1	11	109	44
67
Hardik_Pandya
66	61	24	1068	91	28.86	690	154.78	0	3	72	68
68
Ross_Taylor
55	54	14	1017	81	25.42	822	123.72	0	3	66	46
69
Manan_Vohra
49	45	2	1012	95	23.53	768	131.77	0	3	97	39
70
Kevin_Pietersen
36	36	9	1001	103	37.07	743	134.72	1	4	91	40
71
Venugopal_Rao
65	54	10	985	71	22.38	836	117.82	0	3	77	37
72
Albie_Morkel
91	68	28	974	73	24.35	686	141.98	0	3	61	55
73
Andrew_Symonds
39	36	9	974	117	36.07	750	129.86	1	5	74	41
74
Moises_Henriques
57	50	16	969	74	28.50	756	128.17	0	5	87	27
75
Cameron_White
47	45	9	954	78	26.50	755	126.35	0	6	76	36
76
Krunal_Pandya
55	48	14	891	86	26.20	610	146.06	0	1	86	35
77
Herschelle_Gibbs
36	36	4	886	69	27.68	807	109.78	0	6	83	31
78
Stuart_Binny
95	68	23	880	48	19.55	683	128.84	0	0	66	35
79
Eoin_Morgan
52	45	5	854	66	21.35	705	121.13	0	4	72	34
80
Harbhajan_Singh
160	88	35	829	64	15.64	600	138.16	0	1	79	42
81
Manvinder_Bisla
39	39	1	798	92	21.00	702	113.67	0	4	93	23
82
Axar_Patel
82	63	21	796	44	18.95	630	126.34	0	0	47	35
83
Sanath_Jayasuriya
30	30	2	772	114	27.57	532	145.11	1	4	85	39
84
Sunil_Narine
110	57	13	771	75	17.52	458	168.34	0	3	93	44
85
Rahul_Tripathi
34	33	4	758	93	26.13	552	137.31	0	4	74	27
86
Shakib_Al_Hasan
63	46	11	746	66	21.31	589	126.65	0	2	70	20
87
Graeme_Smith
29	29	3	739	91	28.42	668	110.62	0	4	94	9
88
Angelo_Mathews
49	42	11	724	65	23.35	575	125.91	0	1	44	29
89
Ishan_Kishan
37	33	0	695	62	21.06	531	130.88	0	3	64	34
90
Tirumalasetti_Suman
43	40	8	676	78	21.12	575	117.56	0	2	55	26
91
Abhishek_Nayar
60	50	12	672	45	17.68	577	116.46	0	0	55	20
92
George_Bailey
40	37	10	663	61	24.55	544	121.87	0	2	59	19
93
Ben_Stokes
34	33	5	635	103	22.67	481	132.01	1	1	43	25
94
Jesse_Ryder
29	29	1	604	86	21.57	458	131.87	0	4	69	19
95
Prithvi_Shaw
25	25	0	598	99	23.92	424	141.03	0	4	72	19
96
Piyush_Chawla
157	81	32	584	24	11.91	524	111.45	0	0	54	18
97
Hashim_Amla
16	16	3	577	104	44.38	407	141.76	2	3	60	21
98
Vijay_Shankar
33	29	11	557	63	30.94	416	133.89	0	2	34	24
99
Corey_Anderson
30	29	7	538	95	24.45	423	127.18	0	3	40	31
100
Ravi_Bopara
24	22	4	531	84	29.50	453	117.21	0	3	39	16
