1	
Lasith_Malinga
122	122	471.1	3366	170	0	19.80	7.14	16.62	6	1
2	
Amit_Mishra
147	147	516.5	3799	157	0	24.19	7.35	19.75	3	1
3	
Harbhajan_Singh
160	157	562.2	3967	150	0	26.44	7.05	22.49	1	1
4	
Piyush_Chawla
157	156	520.4	4072	150	0	27.14	7.82	20.82	2	0
5	
Dwayne_Bravo
134	131	431	3617	147	0	24.60	8.39	17.59	2	0
6	
Bhuvneshwar_Kumar
117	117	435.2	3154	133	0	23.71	7.24	19.63	2	1
7	
Ravichandran_Ashwin
139	136	487.2	3310	125	0	26.48	6.79	23.39	1	0
8	
Sunil_Narine
110	109	426.2	2845	122	0	23.31	6.67	20.96	6	1
9	
Umesh_Yadav
119	118	413.2	3496	119	0	29.37	8.45	20.84	2	0
10	
Ravindra_Jadeja
170	142	415.5	3152	108	0	29.18	7.57	23.10	3	1
11	
Ashish_Nehra
88	88	318	2495	106	0	23.53	7.84	18.00	1	0
12	
Vinay_Kumar
105	104	353.3	2966	105	0	28.24	8.39	20.20	1	0
13	
Zaheer_Khan
100	99	366.4	2782	102	0	27.27	7.58	21.56	1	0
14	
Yuzvendra_Chahal
84	83	297.5	2318	100	0	23.18	7.78	17.87	2	0
15	
Dale_Steyn
92	92	351	2375	96	0	24.73	6.76	21.93	0	0
16	
Sandeep_Sharma
79	79	290.5	2272	95	0	23.91	7.81	18.36	2	0
17	
Shane_Watson
134	105	338.1	2682	92	0	29.15	7.93	22.05	1	0
18	
Mohit_Sharma
85	85	288.2	2425	91	0	26.64	8.41	19.01	1	0
19	
Praveen_Kumar
119	119	420.4	3251	90	0	36.12	7.72	28.04	0	0
20	
RP_Singh
82	82	295.5	2338	90	0	25.97	7.90	19.72	2	0
21	
Pragyan_Ojha
92	90	316.3	2332	89	0	26.20	7.36	21.33	0	0
22	
Dhawal_Kulkarni
90	90	290.5	2404	86	0	27.95	8.26	20.29	1	0
23	
Albie_Morkel
91	87	287.1	2355	85	0	27.70	8.20	20.27	1	0
24	
Jasprit_Bumrah
77	77	288.4	2181	82	0	26.59	7.55	21.12	0	0
25	
Irfan_Pathan
103	101	340.3	2649	80	0	33.11	7.77	25.53	0	0
26	
Imran_Tahir
55	55	204.2	1611	79	0	20.39	7.88	15.51	3	0
27	
Morne_Morkel
70	70	271.3	2089	77	0	27.12	7.69	21.15	1	0
28	
Jaydev_Unadkat
73	72	251	2192	77	0	28.46	8.73	19.55	0	2
29	
Lakshmipathy_Balaji
73	73	251.5	2028	76	0	26.68	8.05	19.88	3	1
30	
Munaf_Patel
63	63	225.5	1698	74	0	22.94	7.51	18.31	2	1
31	
Ishant_Sharma
89	89	318.5	2580	72	0	35.83	8.09	26.56	0	1
32	
Rajat_Bhatia
95	91	272.4	2020	71	0	28.45	7.40	23.04	1	0
33	
Axar_Patel
82	81	285.3	2129	71	0	29.98	7.45	24.12	1	0
34	
Mitchell_McClenaghan
56	56	212.2	1803	71	0	25.39	8.49	17.94	1	0
35	
Chris_Morris
61	61	214	1709	69	0	24.76	7.98	18.60	2	0
36	
Ashok_Dinda
78	75	251.4	2071	68	0	30.45	8.22	22.20	1	0
37	
Siddharth_Trivedi
76	75	251	1904	65	0	29.29	7.58	23.16	1	0
38	
Jacques_Kallis
98	89	290.2	2293	65	0	35.27	7.89	26.80	0	0
39	
Muttiah_Muralitharan
66	66	254	1696	63	0	26.92	6.67	24.19	0	0
40	
Mitchell_Johnson
54	54	205.2	1702	61	0	27.90	8.28	20.19	0	0
41	
Shakib_Al_Hasan
63	62	221.2	1652	59	0	28.00	7.46	22.50	0	0
42	
James_Faulkner
60	60	204.3	1778	59	0	30.13	8.69	20.79	0	2
43	
Shane_Warne
55	54	199	1447	57	0	25.38	7.27	20.94	1	0
44	
Kieron_Pollard
148	81	199.5	1770	56	0	31.60	8.85	21.41	1	0
45	
Rashid_Khan
46	46	182	1193	55	0	21.69	6.55	19.85	0	0
46	
Andre_Russell
64	61	173.1	1538	55	0	27.96	8.88	18.89	1	0
47	
Karn_Sharma
62	61	184.4	1445	54	0	26.75	7.82	20.51	2	0
48	
Siddarth_Kaul
45	45	163.3	1385	49	0	28.26	8.47	20.02	1	0
49	
Shadab_Jakati
59	57	180.5	1450	47	0	30.85	8.01	23.08	2	0
50	
Anil_Kumble
42	42	160.5	1058	45	0	23.51	6.57	21.44	2	1
51	
Ryan_Harris
37	37	138.4	1047	45	0	23.26	7.55	18.48	1	0
52	
Sreenath_Arvind
38	38	126.4	1039	45	0	23.08	8.20	16.88	2	0
53	
Harshal_Patel
43	41	139.2	1215	43	0	28.25	8.72	19.44	0	0
54	
Yusuf_Pathan
174	82	191.1	1415	42	0	33.69	7.40	27.30	0	0
55	
Shahbaz_Nadeem
64	62	209.5	1570	42	0	37.38	7.48	29.97	0	0
56	
Varun_Aaron
47	45	152.4	1335	42	0	31.78	8.74	21.80	0	0
57	
Hardik_Pandya
66	60	144.5	1313	42	0	31.26	9.06	20.69	0	0
58	
Rahul_Sharma
44	44	154.4	1086	40	0	27.15	7.02	23.20	0	0
59	
Krunal_Pandya
55	53	157.2	1128	40	0	28.20	7.16	23.60	0	0
60	
Iqbal_Abdulla
49	48	153.2	1109	40	0	27.72	7.23	23.00	0	0
61	
Shanthakumaran_Sreesanth
44	44	146.4	1194	40	0	29.85	8.14	22.00	0	0
62	
Mohammad_Shami
51	49	172	1547	40	0	38.67	8.99	25.80	0	0
63	
Parvinder_Awana
33	33	124.3	1029	39	0	26.38	8.26	19.15	1	0
64	
Andrew_Tye
26	26	99	822	39	0	21.07	8.30	15.23	3	1
65	
Kuldeep_Yadav
40	39	137.2	1144	39	0	29.33	8.33	21.12	1	0
66	
Shreyas_Gopal
31	30	98.1	737	38	0	19.39	7.50	15.50	1	0
67	
Moises_Henriques
57	55	148.2	1244	38	0	32.73	8.38	23.42	0	0
68	
Trent_Boult
33	33	127.3	1120	38	0	29.47	8.78	20.13	0	0
69	
Doug_Bollinger
27	27	96	693	37	0	18.72	7.21	15.56	1	0
70	
Manpreet_Gony
44	44	148	1287	37	0	34.78	8.69	24.00	0	0
71	
Yuvraj_Singh
132	73	144.5	1077	36	0	29.91	7.43	24.13	2	0
72	
Nathan_Coulter-Nile
26	25	93.5	719	36	0	19.97	7.66	15.63	1	0
73	
Shardul_Thakur
36	35	117.5	1065	36	0	29.58	9.03	19.63	0	0
74	
Pradeep_Sangwan
39	39	133.4	1175	35	0	33.57	8.79	22.91	0	0
75	
Mitchell_Starc
27	26	96.4	693	34	0	20.38	7.16	17.05	1	0
76	
Pawan_Negi
50	42	119.2	939	34	0	27.61	7.86	21.05	1	0
77	
Dan_Christian
40	40	130.3	1037	34	0	30.50	7.94	23.02	0	0
78	
Deepak_Chahar
34	34	114.4	875	33	0	26.51	7.63	20.84	0	0
79	
Kevon_Cooper
25	25	96	757	33	0	22.93	7.88	17.45	1	0
80	
Murali_Kartik
56	55	191.3	1388	31	0	44.77	7.24	37.06	0	0
81	
Kagiso_Rabada
18	18	68.2	556	31	0	17.93	8.13	13.22	2	0
82	
Thisara_Perera
37	36	116.2	1016	31	0	32.77	8.73	22.51	0	0
83	
Azhar_Mahmood
23	23	89.3	700	29	0	24.13	7.82	18.51	0	0
84	
Ajit_Agarkar
42	42	130.2	1151	29	0	39.68	8.83	26.96	0	0
85	
Daniel_Vettori
34	34	129.3	879	28	0	31.39	6.78	27.75	0	0
86	
Dirk_Nannes
29	29	107.4	785	28	0	28.03	7.29	23.07	0	0
87	
Pravin_Tambe
33	33	110	853	28	0	30.46	7.75	23.57	1	0
88	
Amit_Singh
23	23	78.5	620	28	0	22.14	7.86	16.89	1	0
89	
Tim_Southee
40	40	148	1293	28	0	46.17	8.73	31.71	0	0
90	
Mohammed_Siraj
26	26	92.1	848	28	0	30.28	9.20	19.75	1	0
91	
MF_Maharoof
20	20	70	520	27	0	19.25	7.42	15.55	0	0
92	
Angelo_Mathews
49	44	131.5	1079	27	0	39.96	8.18	29.29	1	0
93	
Wayne_Parnell
26	26	95.2	701	26	0	26.96	7.35	22.00	0	0
94	
Jofra_Archer
21	21	81.5	616	26	0	23.69	7.52	18.88	0	0
95	
Ben_Stokes
34	30	97.5	808	26	0	31.07	8.25	22.57	0	0
96	
Dwayne_Smith
91	46	89.5	810	26	0	31.15	9.01	20.73	1	0
97	
Johan_Botha
34	34	115.4	800	25	0	32.00	6.91	27.76	0	0
98	
Suresh_Raina
193	69	151.2	1118	25	0	44.72	7.38	36.32	0	0
99	
Brett_Lee
38	38	145.5	1095	25	0	43.80	7.50	35.00	0	0
100	
Harmeet_Singh_Bansal
27	26	84.3	674	25	0	26.96	7.97	20.28	0	0